28

22	-37	-64	-33	56	-65	104	24	-34	-35	19	-37	-5	26	51	-84	84	62	22	-12	18	-36	-7	-83	24	16	-1	91	
4	10	24	61	60	-30	-32	22	-24	60	45	33	-33	37	-6	-46	-40	54	85	-14	-6	-6	-52	-25	12	-6	20	10	
-16	-69	20	-18	5	24	43	-4	105	96	9	6	-5	3	30	85	-23	49	71	63	34	24	3	83	-18	-23	99	99	
-2	-39	-1	-1	30	-29	-18	-9	111	65	-55	73	-60	120	17	43	-12	-20	42	-13	49	-3	44	-2	72	26	36	2	
-46	-21	33	-16	-74	56	62	12	-23	-88	88	16	9	-100	-57	-21	-36	14	-45	-32	-46	-52	-87	60	-53	-36	-26	43	
4	17	88	32	55	6	-23	-41	93	125	5	72	-88	91	20	80	-74	-33	59	72	56	64	26	18	29	20	66	-35	
-19	-8	-46	-26	5	-3	-16	51	18	-22	39	-1	7	17	-18	-12	-29	8	-25	-19	-19	-47	-4	14	-67	-5	-6	6	
6	-34	67	32	-20	82	-3	-22	44	-15	16	144	65	-7	56	-11	-56	-7	-33	13	23	-33	-5	104	50	19	57	9	
-18	62	37	-51	-12	31	-25	-46	47	130	-3	-17	-5	24	14	31	-96	-29	58	0	11	-8	25	43	-10	32	36	-44	
12	61	23	6	-87	58	46	27	-25	1	-4	-32	11	-27	-35	20	42	33	-14	-47	-27	-17	-59	-2	-40	-8	29	-5	
42	6	-11	72	14	17	-9	37	-19	18	-19	-24	24	-28	3	-5	50	59	-5	-20	-28	-22	-4	-19	-76	-35	-9	50	
105	18	-34	31	-2	8	-11	20	-79	-32	-6	137	104	-54	-97	-22	68	130	-87	-43	-11	-61	22	62	40	-24	-57	56	
-60	34	39	-24	23	52	32	48	43	30	-34	-4	15	93	104	10	-4	-4	52	-82	19	-26	35	-23	-9	68	63	-56	
61	46	75	20	36	-8	38	-17	-10	79	-32	4	-9	25	101	-9	-40	-20	20	-3	85	-35	-1	-30	39	-9	-37	-1	
100	1	35	95	77	40	-35	-14	-3	18	5	113	53	19	-3	25	49	80	-35	-19	58	-52	1	8	66	-24	38	64	
-15	81	5	55	31	44	-27	90	-66	-18	-4	4	44	30	10	-46	15	14	76	4	-30	42	-17	9	-71	111	52	-41	
-17	-6	21	10	-26	43	-6	18	34	-28	-17	56	20	45	9	-23	-5	10	17	-48	-36	12	26	62	8	40	35	-26	
27	-10	4	4	106	-27	10	4	28	140	-34	14	-28	17	-23	3	-52	62	23	38	67	58	39	2	-55	-3	28	50	
-15	-18	93	41	-71	-3	-18	53	51	-51	10	84	-30	68	26	44	-53	-50	68	30	-37	35	-45	94	21	49	18	-14	
-90	-22	1	-37	-109	-28	-36	-25	82	-28	-28	-21	-2	48	19	-52	-59	-77	79	39	-115	30	-23	-21	-19	5	35	-80	
72	-15	11	81	11	3	-10	14	37	89	-31	-56	-104	40	-24	123	35	19	-4	-30	23	-53	-64	-3	-46	-42	41	24	
27	40	41	83	9	-3	-32	-56	-16	-73	-3	34	-31	-37	-34	-7	59	-22	-42	93	-80	15	14	-4	-27	12	-86	-8	
-59	82	-30	0	71	36	4	-29	50	19	16	-92	-27	7	42	55	23	-34	0	49	44	53	64	33	-68	16	3	-19	
-37	-95	-91	-72	-41	36	-35	20	37	61	60	45	40	-40	-20	-7	-88	75	-11	28	41	18	67	104	103	-56	-5	35	
30	-28	30	111	77	101	-55	-16	33	4	56	76	-13	41	48	72	-38	18	41	73	75	43	35	95	90	14	89	39	
30	-14	40	-4	5	31	-19	0	46	68	26	60	7	43	6	74	-27	34	12	11	41	-22	10	73	70	14	65	43	
-28	-123	-42	-17	0	-44	-7	52	78	70	36	-30	-66	69	37	-11	-39	-3	51	-9	9	-48	-37	-54	47	-35	26	13	
9	11	110	31	-37	30	-42	-16	42	8	-32	23	-33	49	5	36	-48	-5	8	49	-51	19	29	40	38	60	-11	-11	
0.000000
